[gd_scene load_steps=5 format=2]

[ext_resource path="res://ground.tscn" type="PackedScene" id=1]
[ext_resource path="res://Player.tscn" type="PackedScene" id=2]
[ext_resource path="res://enemy.tscn" type="PackedScene" id=3]

[sub_resource type="CubeMesh" id=1]

[node name="Spatial" type="Spatial"]

[node name="Spatial" parent="." instance=ExtResource( 1 )]

[node name="Spatial2" parent="." instance=ExtResource( 2 )]
transform = Transform( -0.0564957, 0, -0.998403, 0, 1, 0, 0.998403, 0, -0.0564957, 29.496, 1.84997, -38.0934 )
place = 1

[node name="Path" type="Spatial" parent="."]
editor/display_folded = true
transform = Transform( -0.441171, 0, -0.897423, 0, 1, 0, 0.897423, 0, -0.441171, 25.9658, 1.84997, -39.3633 )
visible = false

[node name="MeshInstance" type="MeshInstance" parent="Path"]
transform = Transform( 0.956721, 0, 0.291007, 0, 1, 0, -0.291007, 0, 0.956721, 7.26035, 0, -3.56917 )
mesh = SubResource( 1 )
material/0 = null

[node name="MeshInstance2" type="MeshInstance" parent="Path"]
transform = Transform( 0.956721, 0, 0.291007, 0, 1, 0, -0.291007, 0, 0.956721, 15.8406, 0, -7.78721 )
mesh = SubResource( 1 )
material/0 = null

[node name="MeshInstance3" type="MeshInstance" parent="Path"]
transform = Transform( 0.956722, 0, 0.291008, 0, 1, 0, -0.291008, 0, 0.956722, 25.6501, 0, -12.6095 )
mesh = SubResource( 1 )
material/0 = null

[node name="MeshInstance4" type="MeshInstance" parent="Path"]
transform = Transform( 0.988195, 0, -0.153209, 0, 1, 0, 0.153209, 0, 0.988195, 38.3626, 0, -7.59198 )
mesh = SubResource( 1 )
material/0 = null

[node name="MeshInstance5" type="MeshInstance" parent="Path"]
transform = Transform( 0.988196, 0, -0.153209, 0, 1, 0, 0.153209, 0, 0.988196, 54.1967, 0, -3.80566 )
mesh = SubResource( 1 )
material/0 = null

[node name="MeshInstance6" type="MeshInstance" parent="Path"]
transform = Transform( 0.988196, 0, -0.153209, 0, 1, 0, 0.153209, 0, 0.988196, 69.8969, 0, -1.01041 )
mesh = SubResource( 1 )
material/0 = null

[node name="MeshInstance7" type="MeshInstance" parent="Path"]
transform = Transform( 0.988197, 0, -0.153209, 0, 1, 0, 0.153209, 0, 0.988197, 76.1605, 0, 11.7308 )
mesh = SubResource( 1 )
material/0 = null

[node name="MeshInstance8" type="MeshInstance" parent="Path"]
transform = Transform( 0.988197, 0, -0.153209, 0, 1, 0, 0.153209, 0, 0.988197, 68.3122, 0, 22.6797 )
mesh = SubResource( 1 )
material/0 = null

[node name="MeshInstance9" type="MeshInstance" parent="Path"]
transform = Transform( 0.988197, 0, -0.153209, 0, 1, 0, 0.153209, 0, 0.988197, 58.0558, 0, 27.7218 )
mesh = SubResource( 1 )
material/0 = null

[node name="MeshInstance10" type="MeshInstance" parent="Path"]
transform = Transform( 0.988198, 0, -0.153209, 0, 1, 0, 0.153209, 0, 0.988198, 47.487, 0, 32.9173 )
mesh = SubResource( 1 )
material/0 = null

[node name="MeshInstance11" type="MeshInstance" parent="Path"]
transform = Transform( 0.988198, 0, -0.153209, 0, 1, 0, 0.153209, 0, 0.988198, 34.4992, 0, 32.6781 )
mesh = SubResource( 1 )
material/0 = null

[node name="MeshInstance12" type="MeshInstance" parent="Path"]
transform = Transform( 0.988199, 0, -0.153209, 0, 1, 0, 0.153209, 0, 0.988199, 21.0073, 0, 27.6987 )
mesh = SubResource( 1 )
material/0 = null

[node name="MeshInstance13" type="MeshInstance" parent="Path"]
transform = Transform( 0.988199, 0, -0.153209, 0, 1, 0, 0.153209, 0, 0.988199, 11.3961, 0, 15.6161 )
mesh = SubResource( 1 )
material/0 = null

[node name="MeshInstance14" type="MeshInstance" parent="Path"]
transform = Transform( 0.988199, 0, -0.153209, 0, 1, 0, 0.153209, 0, 0.988199, 7.22431, 0, 7.12994 )
mesh = SubResource( 1 )
material/0 = null

[node name="Spatial3" parent="." instance=ExtResource( 3 )]
transform = Transform( 1, 0, 0, 0, 1, 0, 0, 0, 1, 23.5929, 1.81122, -40.5805 )
place = 2
